id = 162
editor = MH
# XUUw obtained by fit to the first two sin harmonics


collaboration = CLAS
process = ep2epgamma
exptype = fixed target
year = 2018
reference = arxiv.org/pdf/1810.02110

### Scattering Process

frame = Trento

in1energy = 5.88
in1particle = em
in1energyunit = GeV
in1polarizationvector = L
in1polarization = 1

in2particle = p

out1particle = em
out2particle = p
out3particle = gamma


### Observable
# XUUw


y1name = XUUw
y1namelong = weigthed Beam Helicity Independent Cross Section
y1unit = nb/GeV^4
y1value = column4
y1errorstatistic = column5
# Systematic error include c0/c1 enhancement of cos(phi)
y1errorsystematic = column6  


### x-axes

x1name = xB
x1unit = 1
x1value = column2

x2name = Q2
x2unit = GeV^2
x2value = column1

x3name = tm
x3unit = GeV^2
x3value = column3

x4name = FTn
x4unit = 1
x4value = column7

### Data
#
# CLAS 2018 XUUw
#
#  Q2       xB       tm        FTval   FTstat  FTsyst   FTn 
###########################################################
1.129000 0.125000 0.108000  3.379311 0.269936 0.348299    0
1.128000 0.124000 0.153000  2.055535 0.115006 0.211860    0
1.129000 0.125000 0.203000  1.272289 0.093610 0.131132    0
1.129000 0.125000 0.263000  0.803073 0.030046 0.082771    0
1.302000 0.155000 0.108000  1.969911 0.069335 0.203035    0
1.299000 0.154000 0.153000  1.159225 0.040580 0.119479    0
1.300000 0.154000 0.203000  0.689981 0.025226 0.071115    0
1.301000 0.154000 0.262000  0.477182 0.020822 0.049182    0
1.423000 0.155000 0.108000  2.163422 0.176295 0.222979    0
1.424000 0.155000 0.153000  1.447990 0.086590 0.149241    0
1.425000 0.155000 0.203000  0.783546 0.058258 0.080759    0
1.424000 0.155000 0.263000  0.523931 0.018735 0.054000    0
1.426000 0.155000 0.340000  0.320184 0.073380 0.033001    0
1.484000 0.184000 0.109000  1.086839 0.031595 0.112018    0
1.487000 0.186000 0.152000  0.672258 0.018625 0.069288    0
1.485000 0.184000 0.204000  0.447198 0.013841 0.046092    0
1.486000 0.185000 0.263000  0.276914 0.093239 0.028541    0
1.486000 0.185000 0.342000  0.162347 0.010456 0.016733    0
1.667000 0.185000 0.109000  1.334142 0.050355 0.137507    0
1.666000 0.185000 0.153000  0.802132 0.029072 0.082674    0
1.667000 0.185000 0.204000  0.554478 0.026823 0.057149    0
1.668000 0.185000 0.262000  0.321243 0.017565 0.033110    0
1.669000 0.185000 0.341000  0.196731 0.007840 0.020277    0
1.681000 0.213000 0.110000  0.612850 0.015591 0.063165    0
1.680000 0.214000 0.154000  0.412535 0.009372 0.042519    0
1.679000 0.214000 0.204000  0.273593 0.006750 0.028199    0
1.683000 0.214000 0.263000  0.179620 0.004947 0.018513    0
1.683000 0.214000 0.342000  0.108412 0.005772 0.011174    0
1.904000 0.216000 0.108000  0.775115 0.018724 0.079889    0
1.908000 0.215000 0.153000  0.555008 0.014381 0.057204    0
1.933000 0.215000 0.204000  0.325306 0.010899 0.033529    0
1.934000 0.215000 0.262000  0.211313 0.008268 0.021780    0
1.933000 0.215000 0.341000  0.121247 0.004508 0.012497    0
1.932000 0.215000 0.447000  0.063809 0.003367 0.006577    0
1.843000 0.243000 0.110000  0.281750 0.007452 0.029039    0
1.844000 0.244000 0.155000  0.249979 0.006701 0.025765    0
1.845000 0.244000 0.205000  0.173790 0.005421 0.017912    0
1.835000 0.245000 0.263000  0.124881 0.010125 0.012871    0
1.837000 0.245000 0.342000  0.077363 0.008057 0.007974    0
1.845000 0.244000 0.450000  0.030784 0.006587 0.003173    0
2.159000 0.245000 0.109000  0.363461 0.010370 0.037461    0
2.113000 0.246000 0.153000  0.322045 0.006375 0.033192    0
2.177000 0.245000 0.204000  0.217075 0.007906 0.022373    0
2.137000 0.245000 0.263000  0.146728 0.004335 0.015123    0
2.135000 0.246000 0.342000  0.093022 0.044532 0.009588    0
#2.141000 0.245000 0.450000  0.075443 6.062368 0.007776    0
1.990000 0.273000 0.111000  0.081571 0.024529 0.008407    0
1.994000 0.274000 0.155000  0.139248 0.005451 0.014352    0
1.995000 0.274000 0.205000  0.107742 0.005590 0.011105    0
1.996000 0.274000 0.265000  0.086085 0.007414 0.008873    0
1.989000 0.274000 0.343000  0.051620 0.009710 0.005320    0
1.988000 0.275000 0.451000  0.046632 0.019979 0.004806    0
2.406000 0.273000 0.112000  0.118004 0.007803 0.012162    0
2.387000 0.275000 0.154000  0.178291 0.004222 0.018376    0
2.328000 0.275000 0.203000  0.164936 0.004582 0.017000    0
2.316000 0.275000 0.262000  0.100409 0.002553 0.010349    0
2.376000 0.275000 0.342000  0.065789 0.002319 0.006781    0
2.368000 0.275000 0.450000  0.035033 0.001861 0.003611    0
2.143000 0.301000 0.118000 -0.069361 0.114076 0.007149    0
2.159000 0.304000 0.156000  0.095884 0.008258 0.009883    0
2.161000 0.304000 0.205000  0.086487 0.010865 0.008914    0
2.162000 0.304000 0.265000  0.045928 0.004529 0.004734    0
2.163000 0.304000 0.345000  0.035089 0.006713 0.003617    0
2.143000 0.305000 0.451000  0.026890 0.004121 0.002772    0
2.625000 0.300000 0.119000  0.185373 0.146345 0.019106    0
2.651000 0.304000 0.156000  0.133180 0.008718 0.013727    0
2.629000 0.305000 0.204000  0.105659 0.002722 0.010890    0
2.567000 0.305000 0.262000  0.074906 0.001764 0.007720    0
2.553000 0.305000 0.341000  0.077172 0.002032 0.007954    0
2.629000 0.305000 0.450000  0.027292 0.001368 0.002813    0
2.626000 0.305000 0.610000  0.011169 0.001808 0.001151    0
2.230000 0.324000 0.127000  0.050665 0.021629 0.005222    0
2.293000 0.334000 0.205000  0.097215 0.030806 0.010020    0
2.294000 0.334000 0.265000  0.035512 0.004508 0.003660    0
2.295000 0.334000 0.345000  0.023938 0.013217 0.002467    0
2.295000 0.334000 0.456000  0.017632 0.011304 0.001817    0
2.843000 0.332000 0.159000  0.177401 0.056353 0.018284    0
2.860000 0.334000 0.205000  0.074178 0.003900 0.007645    0
2.841000 0.334000 0.264000  0.054016 0.001586 0.005567    0
2.764000 0.335000 0.342000  0.033371 0.001024 0.003439    0
2.755000 0.335000 0.448000  0.018485 0.000639 0.001905    0
2.842000 0.335000 0.611000  0.008677 0.000607 0.000894    0
2.386000 0.359000 0.170000  0.062655 0.113546 0.006458    0
2.416000 0.364000 0.206000  0.041595 0.013202 0.004287    0
2.418000 0.364000 0.265000  0.025017 0.010610 0.002578    0
2.418000 0.364000 0.345000 -0.000920 0.010448 0.000095    0
2.418000 0.364000 0.455000  0.020420 0.008249 0.002105    0
#2.998000 0.358000 0.171000 -1.661888 1.558880 0.171287    0
3.049000 0.363000 0.206000  0.067312 0.016530 0.006938    0
3.059000 0.364000 0.265000  0.042109 0.002755 0.004340    0
3.038000 0.364000 0.343000  0.028053 0.001264 0.002891    0
2.944000 0.365000 0.449000  0.014529 0.000597 0.001497    0
2.940000 0.365000 0.608000  0.011070 0.002399 0.001141    0
2.514000 0.392000 0.213000 -0.049271 0.083444 0.005078    0
2.548000 0.398000 0.266000  0.025401 0.012676 0.002618    0
2.549000 0.398000 0.345000  0.006847 0.006326 0.000706    0
2.549000 0.398000 0.455000  0.016438 0.008153 0.001694    0
3.203000 0.390000 0.215000 -0.071764 0.094042 0.007397    0
3.263000 0.398000 0.266000  0.017692 0.088612 0.001823    0
3.274000 0.398000 0.345000  0.025045 0.002908 0.002581    0
3.253000 0.399000 0.452000  0.012310 0.000783 0.001269    0
3.131000 0.400000 0.606000  0.006883 0.000609 0.000709    0
2.969000 0.445000 0.347000  0.004015 0.003694 0.000414    0
3.041000 0.454000 0.455000  0.010785 0.003017 0.001112    0
3.588000 0.429000 0.278000 -0.046836 0.102723 0.004827    0
3.703000 0.446000 0.348000  0.017201 0.008513 0.001773    0
3.804000 0.462000 0.457000  0.007610 0.001015 0.000784    0
3.870000 0.475000 0.617000  0.003667 0.000537 0.000378    0
3.982000 0.500000 0.872000  0.001243 0.000278 0.000128    0


1.128000 0.124000 0.108000  0.975221 0.455430 0.271150    1
1.129000 0.124000 0.153000  0.197006 0.197908 0.160542    1
1.129000 0.125000 0.203000  0.275659 0.145757 0.100763    1
1.129000 0.125000 0.262000  0.203443 0.049502 0.063999    1
1.298000 0.154000 0.109000  0.118206 0.097507 0.153532    1
1.300000 0.154000 0.153000  0.131988 0.066189 0.090666    1
1.301000 0.154000 0.203000  0.136722 0.039206 0.054492    1
1.301000 0.154000 0.262000  0.023849 0.028886 0.037176    1
1.424000 0.155000 0.108000  0.470307 0.292892 0.171358    1
1.425000 0.155000 0.153000  0.089909 0.141766 0.112865    1
1.425000 0.155000 0.203000  0.153970 0.091606 0.061867    1
1.425000 0.155000 0.262000  0.021934 0.031725 0.040806    1
1.426000 0.155000 0.340000  0.012935 0.125009 0.024936    1
1.483000 0.184000 0.109000  0.091424 0.047416 0.084817    1
1.485000 0.184000 0.154000  0.134146 0.028680 0.053103    1
1.486000 0.184000 0.204000  0.030546 0.020788 0.034868    1
1.486000 0.184000 0.262000  0.067930 0.167467 0.022036    1
1.487000 0.184000 0.341000  0.026110 0.012013 0.012759    1
1.669000 0.185000 0.109000  0.011178 0.077976 0.103843    1
1.670000 0.185000 0.153000  0.096169 0.051963 0.062770    1
1.670000 0.185000 0.203000  0.029016 0.044969 0.043201    1
1.670000 0.185000 0.262000  0.075817 0.029635 0.025523    1
1.670000 0.185000 0.340000  0.051010 0.011983 0.015695    1
1.681000 0.213000 0.110000 -0.085207 0.022255 0.048046    1
1.682000 0.214000 0.155000 -0.018892 0.012064 0.032134    1
1.683000 0.214000 0.204000  0.008266 0.010199 0.021302    1
1.684000 0.214000 0.263000  0.013258 0.008135 0.014009    1
1.684000 0.214000 0.341000  0.026654 0.007737 0.008628    1
1.925000 0.215000 0.109000 -0.142510 0.027666 0.061093    1
1.934000 0.215000 0.154000 -0.040708 0.022896 0.043285    1
1.934000 0.215000 0.203000  0.029549 0.019720 0.025398    1
1.934000 0.215000 0.262000  0.022060 0.012953 0.016515    1
1.933000 0.215000 0.341000  0.006958 0.007820 0.009449    1
1.933000 0.215000 0.447000  0.013259 0.004998 0.005047    1
1.843000 0.244000 0.110000 -0.173458 0.009577 0.024865    1
1.845000 0.244000 0.154000 -0.054555 0.009738 0.019803    1
1.845000 0.244000 0.205000 -0.005279 0.007464 0.013531    1
1.845000 0.244000 0.264000  0.037877 0.018886 0.010051    1
1.846000 0.244000 0.343000  0.016234 0.011744 0.006120    1
1.846000 0.244000 0.449000 -0.002974 0.009123 0.002404    1
2.166000 0.244000 0.110000 -0.144450 0.015985 0.029926    1
2.133000 0.245000 0.153000 -0.082955 0.008657 0.025685    1
2.176000 0.245000 0.204000 -0.008006 0.013758 0.016904    1
2.176000 0.245000 0.263000  0.000460 0.007154 0.011420    1
2.174000 0.245000 0.341000 -0.003263 0.079862 0.007244    1
1.990000 0.273000 0.111000 -0.185827 0.042749 0.014069    1
1.994000 0.274000 0.155000 -0.056518 0.009019 0.011491    1
1.995000 0.274000 0.205000 -0.022790 0.009429 0.008526    1
1.996000 0.274000 0.264000  0.010656 0.012451 0.006739    1
1.996000 0.274000 0.344000  0.008198 0.016383 0.004056    1
1.995000 0.274000 0.451000  0.036054 0.031396 0.004371    1
2.406000 0.273000 0.112000 -0.132415 0.016105 0.012822    1
2.402000 0.274000 0.154000 -0.055219 0.006392 0.014370    1
2.365000 0.275000 0.204000 -0.031309 0.007340 0.013011    1
2.392000 0.275000 0.263000 -0.016731 0.003796 0.007896    1
2.412000 0.275000 0.342000 -0.003177 0.003361 0.005125    1
2.408000 0.275000 0.448000  0.002099 0.002520 0.002730    1
2.143000 0.301000 0.118000 -0.240980 0.177726 0.017153    1
2.160000 0.304000 0.155000 -0.005120 0.013659 0.007471    1
2.162000 0.304000 0.205000 -0.003060 0.020225 0.006735    1
2.162000 0.304000 0.264000 -0.017351 0.007859 0.003762    1
2.162000 0.304000 0.344000 -0.000343 0.010944 0.002731    1
2.162000 0.304000 0.453000  0.009107 0.005757 0.002182    1
2.625000 0.301000 0.119000  0.163564 0.239326 0.018174    1
2.653000 0.304000 0.156000  0.015236 0.014962 0.010417    1
2.645000 0.304000 0.204000 -0.009411 0.003953 0.008248    1
2.609000 0.305000 0.263000 -0.017535 0.002602 0.005949    1
2.639000 0.305000 0.342000 -0.054436 0.003035 0.007043    1
2.649000 0.305000 0.449000  0.002522 0.001941 0.002131    1
2.644000 0.305000 0.607000 -0.000141 0.003032 0.000869    1
2.285000 0.333000 0.159000 -0.014055 0.036302 0.004056    1
2.294000 0.334000 0.205000  0.062599 0.052127 0.008668    1
2.295000 0.334000 0.265000 -0.009039 0.007614 0.002831    1
2.295000 0.334000 0.344000 -0.006898 0.020992 0.001921    1
2.295000 0.334000 0.454000  0.004029 0.017477 0.001399    1
2.843000 0.332000 0.159000  0.133452 0.087950 0.016491    1
2.859000 0.334000 0.205000 -0.001920 0.006555 0.005775    1
2.857000 0.334000 0.264000 -0.005850 0.002381 0.004223    1
2.822000 0.335000 0.342000 -0.004144 0.001495 0.002612    1
2.851000 0.335000 0.450000 -0.003299 0.000951 0.001456    1
2.849000 0.335000 0.608000 -0.000435 0.000908 0.000676    1
2.387000 0.359000 0.170000  0.031424 0.171173 0.005319    1
2.416000 0.364000 0.206000 -0.004476 0.023792 0.003252    1
2.418000 0.364000 0.265000 -0.017942 0.016834 0.002294    1
2.419000 0.364000 0.344000 -0.036423 0.016413 0.002462    1
2.418000 0.364000 0.454000  0.012831 0.013157 0.001810    1
#2.998000 0.358000 0.171000 -2.670851 2.407696 0.222026    1
3.049000 0.363000 0.206000  0.025071 0.026050 0.005506    1
3.057000 0.364000 0.265000 -0.000178 0.004686 0.003277    1
3.057000 0.364000 0.344000  0.002338 0.002194 0.002189    1
3.016000 0.365000 0.450000 -0.001739 0.000913 0.001137    1
3.048000 0.365000 0.611000  0.005793 0.003785 0.000946    1
2.515000 0.392000 0.213000 -0.149083 0.126899 0.010778    1
2.550000 0.398000 0.265000  0.007302 0.019669 0.002038    1
2.550000 0.398000 0.344000 -0.013453 0.010068 0.001054    1
2.550000 0.398000 0.454000  0.001323 0.012671 0.001283    1
3.204000 0.391000 0.215000 -0.174941 0.139689 0.013073    1
3.263000 0.398000 0.266000 -0.021580 0.136448 0.002005    1
3.272000 0.398000 0.345000  0.008092 0.004932 0.002025    1
3.273000 0.399000 0.453000  0.000735 0.001414 0.000959    1
3.226000 0.400000 0.611000  0.000713 0.001019 0.000538    1
2.982000 0.447000 0.346000 -0.012491 0.005764 0.000900    1
3.048000 0.455000 0.455000  0.006613 0.004707 0.000951    1
3.588000 0.429000 0.277000 -0.108813 0.150118 0.008206    1
3.705000 0.446000 0.347000  0.003463 0.013183 0.001359    1
3.811000 0.463000 0.456000  0.000455 0.001641 0.000593    1
3.882000 0.475000 0.617000  0.000231 0.000885 0.000286    1
3.916000 0.484000 0.890000 -0.000106 0.000455 0.000097    1


#1.128000 0.124000 0.108000 -0.178402 0.292244 0.263298    2
1.129000 0.124000 0.152000  0.185746 0.148631 0.160480    2
1.129000 0.125000 0.203000  0.039009 0.110633 0.099061    2
1.130000 0.125000 0.261000  0.012636 0.046571 0.062512    2
1.299000 0.154000 0.109000  0.178790 0.108908 0.153800    2
1.301000 0.154000 0.153000 -0.051045 0.063077 0.090292    2
1.301000 0.154000 0.203000  0.032748 0.041572 0.053749    2
1.302000 0.154000 0.262000  0.077093 0.033471 0.037504    2
1.424000 0.155000 0.108000 -0.020657 0.225644 0.168392    2
1.425000 0.155000 0.153000  0.150984 0.104588 0.113162    2
1.426000 0.155000 0.203000 -0.028069 0.076985 0.061015    2
1.426000 0.155000 0.262000  0.025432 0.030621 0.040815    2
1.426000 0.155000 0.340000  0.003425 0.073389 0.024922    2
1.484000 0.184000 0.109000 -0.072765 0.045108 0.084735    2
1.486000 0.184000 0.154000 -0.026764 0.032404 0.052355    2
1.487000 0.184000 0.203000  0.005007 0.022372 0.034809    2
1.487000 0.184000 0.262000  0.018370 0.118453 0.021589    2
1.487000 0.184000 0.341000 -0.008802 0.018724 0.012650    2
1.670000 0.185000 0.109000 -0.003896 0.068748 0.103841    2
1.670000 0.185000 0.153000 -0.089436 0.044045 0.062724    2
1.671000 0.185000 0.203000  0.020874 0.033809 0.043180    2
1.671000 0.185000 0.262000 -0.001007 0.022706 0.025003    2
1.671000 0.185000 0.340000  0.014355 0.012491 0.015343    2
1.682000 0.214000 0.110000 -0.033435 0.022859 0.047754    2
1.683000 0.214000 0.154000 -0.057539 0.013253 0.032343    2
1.684000 0.214000 0.204000 -0.016610 0.010032 0.021324    2
1.684000 0.214000 0.262000 -0.015427 0.008081 0.014019    2
1.684000 0.214000 0.341000 -0.006966 0.009151 0.008451    2
1.933000 0.214000 0.109000 -0.003735 0.026971 0.060330    2
1.934000 0.215000 0.153000 -0.017306 0.021791 0.043214    2
1.935000 0.215000 0.203000 -0.067150 0.017910 0.025723    2
1.934000 0.215000 0.262000 -0.013440 0.013872 0.016472    2
1.934000 0.215000 0.341000 -0.009848 0.006994 0.009460    2
1.934000 0.215000 0.447000 -0.010720 0.005657 0.005019    2
1.844000 0.244000 0.110000 -0.052582 0.010332 0.022215    2
1.846000 0.244000 0.154000 -0.023548 0.009915 0.019522    2
1.846000 0.244000 0.204000 -0.028222 0.007655 0.013660    2
1.846000 0.244000 0.264000  0.019866 0.015770 0.009812    2
1.846000 0.244000 0.342000 -0.008342 0.011774 0.006048    2
1.847000 0.244000 0.448000 -0.010948 0.007219 0.002508    2
2.173000 0.244000 0.110000 -0.041111 0.015133 0.028425    2
2.167000 0.245000 0.154000 -0.029873 0.009513 0.025147    2
2.176000 0.245000 0.203000 -0.030576 0.012817 0.017021    2
2.175000 0.245000 0.262000 -0.014489 0.006897 0.011462    2
2.174000 0.245000 0.341000 -0.006267 0.055846 0.007253    2
#2.172000 0.245000 0.448000  0.031349 7.596885 0.006242    2
1.991000 0.273000 0.111000 -0.051806 0.027042 0.007250    2
1.995000 0.274000 0.155000 -0.000082 0.008021 0.010838    2
1.996000 0.274000 0.204000 -0.004186 0.008527 0.008391    2
1.996000 0.274000 0.264000  0.006056 0.007653 0.006713    2
1.996000 0.274000 0.343000 -0.009311 0.009380 0.004067    2
1.996000 0.274000 0.449000  0.017164 0.022811 0.003810    2
2.406000 0.273000 0.111000 -0.013430 0.014480 0.009229    2
2.415000 0.274000 0.155000  0.002908 0.006363 0.013878    2
2.406000 0.275000 0.204000  0.010761 0.006477 0.012858    2
2.414000 0.275000 0.263000 -0.009341 0.003912 0.007841    2
2.411000 0.275000 0.341000  0.000046 0.003997 0.005121    2
2.409000 0.275000 0.448000 -0.004800 0.003077 0.002746    2
2.144000 0.301000 0.118000 -0.087711 0.074941 0.008017    2
2.160000 0.304000 0.155000  0.024056 0.008274 0.007638    2
2.162000 0.304000 0.205000  0.015404 0.017058 0.006812    2
2.162000 0.304000 0.264000 -0.004245 0.005502 0.003586    2
2.162000 0.304000 0.343000  0.000516 0.005417 0.002731    2
2.162000 0.304000 0.451000 -0.000267 0.003829 0.002093    2
2.625000 0.301000 0.119000  0.121865 0.107417 0.016612    2
2.653000 0.304000 0.155000  0.013405 0.011067 0.010405    2
2.656000 0.304000 0.205000  0.003315 0.003870 0.008227    2
2.652000 0.304000 0.264000  0.006299 0.002462 0.005846    2
2.653000 0.304000 0.342000 -0.004161 0.002173 0.006013    2
2.649000 0.305000 0.448000 -0.001797 0.002177 0.002128    2
2.645000 0.305000 0.606000 -0.004040 0.002353 0.000911    2
2.286000 0.333000 0.158000  0.004436 0.018590 0.003955    2
2.295000 0.334000 0.205000  0.038038 0.029816 0.007991    2
2.295000 0.334000 0.264000 -0.000705 0.004670 0.002764    2
2.295000 0.334000 0.343000 -0.010096 0.009506 0.001984    2
2.295000 0.334000 0.452000  0.000413 0.007090 0.001373    2
2.843000 0.332000 0.159000  0.056432 0.037169 0.014324    2
2.858000 0.334000 0.205000  0.004392 0.005159 0.005781    2
2.861000 0.334000 0.264000  0.000084 0.002113 0.004204    2
2.860000 0.334000 0.343000 -0.000405 0.001546 0.002597    2
2.855000 0.334000 0.449000 -0.002221 0.001058 0.001447    2
2.850000 0.335000 0.607000 -0.002137 0.001065 0.000691    2
2.387000 0.359000 0.169000  0.034089 0.084712 0.005393    2
2.417000 0.364000 0.205000  0.001337 0.014620 0.003239    2
2.419000 0.364000 0.264000 -0.010177 0.008131 0.002065    2
2.419000 0.364000 0.343000 -0.016413 0.007028 0.001111    2
2.419000 0.364000 0.452000  0.006497 0.006256 0.001649    2
#2.999000 0.358000 0.171000 -1.006245 0.919789 0.146129    2
3.049000 0.364000 0.206000  0.010715 0.011944 0.005289    2
3.055000 0.364000 0.264000  0.001997 0.003222 0.003280    2
3.057000 0.364000 0.343000  0.001970 0.001986 0.002188    2
3.057000 0.364000 0.451000 -0.000318 0.000844 0.001131    2
3.047000 0.365000 0.609000  0.005527 0.003849 0.000939    2
2.516000 0.392000 0.213000 -0.065148 0.048347 0.005838    2
2.552000 0.399000 0.264000  0.005962 0.008477 0.002018    2
2.552000 0.399000 0.344000 -0.004734 0.004399 0.000622    2
2.551000 0.399000 0.452000 -0.011474 0.008026 0.001496    2
#2.550000 0.399000 0.614000 -0.048610 6.429350 0.260030    2
3.204000 0.391000 0.215000 -0.043018 0.051389 0.006297    2
3.264000 0.398000 0.265000 -0.013963 0.054483 0.001669    2
3.271000 0.399000 0.344000  0.004834 0.002952 0.001977    2
3.272000 0.399000 0.452000  0.000885 0.001174 0.000960    2
3.270000 0.399000 0.612000  0.000153 0.000668 0.000536    2
2.990000 0.447000 0.345000 -0.005833 0.002645 0.000503    2
3.061000 0.456000 0.453000  0.002465 0.001988 0.000856    2
3.588000 0.429000 0.277000 -0.033366 0.053573 0.004286    2
3.708000 0.447000 0.347000  0.000791 0.005433 0.001340    2
3.824000 0.466000 0.455000 -0.000235 0.000849 0.000593    2
3.907000 0.479000 0.615000 -0.000283 0.000455 0.000286    2
3.934000 0.484000 0.888000 -0.000334 0.000230 0.000099    2